806213649304677357996028203981389153950065086929
649791008275982667561446406527251288270013427120
378146231619723066775651721523180128636159876781
448513702221734619315278317008621985362880186497
842167217770156722784340175003550347181906108941
244088831121380035809275127878201778826026924900
981001880375590698993402564324878188308384243336
1084773983757512307991472091610743604143849458673
1223236258280317983114403947679015497814340688207
400325299977144078695699870236423894827302888874
770243230865169604471765399081013669031679998748
1193709479021649420594648389623363546602682480258
597351228165218014033130723625709624867075560608
887452627527817526288928117099679586184200462844
1286337082004621508331186014329379101442191163957
1394913435107005359509596635692864907402516819179
781277125756794477374501388760551557818704675264
165641301777139967937372940465384200734590685767
341726835722420676634616082687097978172762711256
724749464533565900734560573597148352170260570865
8234725922351736225554551365797082732004757269
1271544100379640219334386717446682496615798326914
380088696509059627069992308654285906566140190865
1262999076962110247055328378634879446361394380510
1323558894896511057721252870694391790009402092049
521099932103151392453099289733432783279863116187
555618639646276407562797992499991064708567625111
1433782302648108461817584021216823166514166119434
1271585724233704635039413248579345147666950220892
1454216875197227429382875633170089785830054888438
694604471061411790460159298017674534206633846996
45188179134648419047248770464346837128613139189
208889754997100091836135860281450035820665188442
522504574750143508740910770560123193758056861079
75160828803400887596297729739202380889081480251
690567960430019127995326030127127814509951146191
620840569605337896222507794643429940894465471103
692040128015429179719140443164685081656984914367
246506090449708616256515345628871698160651028007
666533316931815263020462494875207573833305873049
1301261106985915763850475048362105447630863922021
370425298018295896016083890641255934379916329440
185967262079018857764672229761303789401906639032
499545455157025661421580800677855076046536299136
266943288974488076484388766635638231525124816584
392351758121645812744528410792489091077884837466
4605507074042243789660129326690550835118697278
759380982640235304237478605672850195247745438714
472462808279311805701696013000630120510114502803
634366833433802261793705920443245043294915705475
613987037996815560843387144016673710842326766244
784825996338020757461002437844463515948482343259
829148201366834996560293534102026055230805937810
121126085654244030870166046747472564452291477002
710880614229625653533718648666853213654439095045
594311084104082593810723652899801786531214330089
901776040596926221905606744098538150440756471353
884229715728666474131101536547672915068477698547
630330707247875839815745135178659826983351031055
173691093087479653480799420293008037178351311301
464584818967731540937460533973714274278761536037
639899179820689179756675122358211368398034941652
614024321417833898952459339767267486789610722207
452320185916524116404186124372904563976860069604
1075121517999429681764161328220911648099300211775
346438055914128875433347348884066537972050454921
1167329621295085521706413318897892098083822920839
429510348218626155770013262585986103573517436290
1548212038515435049434649461909105053054826076624110814896542634387770982281
647596409664803518066474254733364395705059147350
937166330143720052014188255055144347253426090361
976380751818253953411882944142791677318150464994
296594553931407211257155407350070622794794683802
781102198687041811933737213388282082177391208886
1323295554020941154346045376309679856605808003677
797549524032216014325792740392414061233874599447
983025158348761060533990085792005914610510472872
568500059810693448443900306322596172471560474662
753700996419571064573674126452644536963179670238
359971052504492282328753809843889202868265029390
582266004765841913617085825551277700572204322117
594671625808310551909182910338801994450326038013
1026195517169515057963221272811648800790942407113
982393065232863253472626795581556189964216744373
1017535730341448585572708652062963295698843893312
537959831077667373048858088667809733526702525573
736452927243325431845849874964291015661166792051
103724381701269740150783626830208912467842168512
1205898343123410312290952899178540495812205253913
353544434863334012839859721266766895966128299789
1020763704665585365061653061114440569239175450676
481969203605531267672481319764459805497227456780
424172521916166646078757222467573732619804462294
1441223942541801445862794127127413912668915154172
1072391255814338694665677460561380986211288330546
543747836406536919375972220111193792220063765155
1318705450765866426105977279290714577055151644413
142586153685178346379190614425911568189183179526
1184296878830841062996336109232756215617837127518
1028622642697909027162302840006534923785290843091
579044538189115797725829298509792562764468916587
638638326862448996997390865179621745759620846938
849561200548845090399169233904209257321529899143
1413709982446562457364701034998969698882250461115
1239876214832670743700508645092247601489691879769
776633704187642573963603859791969229845857100954
525106975288096968913871105373699479486507950186
1184268164477631024831011995335698296831058155820
1029123026965580199170394864697627433547403057431
1235223901030691380353689678031438797533682440972
468637838673106834058977315371628330351256287684
202056266386371607480282037303000892584918309853
299196509348751828254682155088114154259659738451
742199488673322399295312853957061830630528494631
79680361886977510591094721410417852461425977419
682601828255706771047207596040577396706128602275
449336886220903896133876191144087575725985329571
895516959468544841566661395579909939998897528478
1205000614593347539535783395344146083745518369757
1137280652846225596668013106130578142648326598233
1084164880601626605886009128290210571326522748178
1031556954396251528068069234707121246951675498795
1081691862911749004461353476368883491898853104757
275256287792225005030248851891422446593204815360
755478811337472351294819468755284623344905857894
1431101513789731252283266077093481425573401925500
1105435138704558585406994468689304021059909424402
1202478890325278049922686020940180715995214449498
773011549510917704442606242898108180790583308927
581615997631424578188080317239604748774280563772
634821898059285516230679699501518485195272610897
787187377740811752950879130255934057532494234863
927029734159989605799547334848422688509036314118
543581510152440945576849816396376523470706774429
259316045004598746278989392584416870157472844188
1223722801824648113536738801473628578485222755121
592437242569515640395690148124749364103136277177
384735882317339587841750668936636384988734102449
989288785982779206031133289891309061298339857157
213937541908648035164329887900711294625351091379
912149075075589761900641209727958995695659947624
360468260682725325438587859960015482924128927357
531367973566067667162681209316900139032892961850
599737267109881342576325497595294360020725180861
135907569786083348958406734104751795828322459092
1130289435944414324134370775101154558972399541200
33442579905555692198274506933906127920309566899
327015692097652568654177524495181795603690468724
700603267336830599857735909511488896771145485686
463782338388371885166034532527724450367397549786
1087848656605203678916985158911679179752236891924
1307866280272905206162862799593118572059982662008
953730531776637232115830504800235181908604829899
1209712478053499233106122720153322203067524821797
103695095243526915660134137471795484425445383551
907263585861319198745566259711240540203001512130
567847711256442452894061888100201713130225409319
583898730725256058117017594459392586016665191091
347351627605504582673910450028638683267276031815
578578713480074356643885766905427760842972020528
1383438550088288935958852070726804941767864546974
444152763740890660163770727737807411725748121260
875332126682728822717700227633599997264817685189
708116213972076497011892845303287472908356396475
1400104325692870630504310532281917705916080477281
1012124139809135927408399750417773352460856827566
851812781247813486559195299117723543914926024614
1407326578261483081998388702427759094921781339449
284135430568554249762868678044088271795920645008
124106238920771202921705840506009761841559118228
1170469335968833086125077272224011513400761194863
1143487008815453037234679710942957991690761284765
648279981514643263925526254766997614484433342851
641057732380866145074126058396356433282517126869
1153691326333157366870308095438437150831747202570
1141551310548948482177791704384989414283705831020
41378162217120968142541987041989667334945488741
1152710572527884622358001493663174033643833540575
1450712059664185060369991563966947062556967925788
190250845644960565639844110226580109313340568183
586587494764701541924428215364871663173984910434
1059927536029356220815208949656727279772284732666
723658710560808724141121642245718855452975010473
1168749043857433365959050232002822045871028030208
1011008069823097917974555466145108346969985019615
1339513948348281924497232788164391762391546319162
1347831526745649739843308195529879378956375905489
404839140679447388662909194205646126816832884434
1011722291942820951928639231411240175309851880819
1187221520383451582022167664223536828401012197235
954737326204429255071036411031312234809219439767
543583875386356634976227968629678649931146599971
310382014817822615283363521056201658229773100637
216684814618621474016519872661337933065276872243
1102116528027153615842360543985729581264835710044
559566105425231243215232218577144865548065227415
162151726879851829613755084869396028710983991427
815494455075537736860787719387880092718419086230
35387873782305798083121471444164929358301276439
1012621700302462984487868063352251492825622855185